9509
0 1006 86.2579
0 1318 85.3416
0 1 137.518
1 1731 84.5721
1 1007 86.4423
1 2 136.814
1 0 137.518
2 1732 86.566
2 3 270.947
2 1 136.814
3 1009 86.9242
3 2 270.947
3 3691 200.546
4 428 95.6516
4 3691 20.2911
4 5 55.5951
5 6 142.532
5 824 86.8689
5 4 55.5951
6 5 142.532
6 1010 85.1899
7 2315 86.1781
8 7 271.701
8 4313 43.7143
9 3677 17.0957
9 405 86.2081
10 9 105.553
10 801 86.3643
10 802 79.6501
11 10 128.513
11 60 87.7579
11 2111 81.1137
12 3785 20.681
12 3781 42.4475
12 3784 38.5661
12 235 250.225
13 14 239.743
13 2331 201.182
14 15 127.585
15 2775 90.6198
15 4161 215.274
16 112 80.8649
16 1308 80.4698
17 1659 80.4915
17 16 273.213
18 17 271.849
18 2165 81.1347
19 3693 16.9102
19 408 80.135
20 19 109.518
20 804 80.1249
20 805 80.0736
21 20 216.044
21 1661 88.2675
21 2110 85.0976
22 783 127.633
22 784 101.449
23 1851 171.373
23 2186 96.3331
23 3410 264.339
24 3736 247.757
24 3410 22.9169
24 25 83.1818
25 24 83.1818
25 2299 169.231
25 3724 246.567
26 1745 77.0391
26 27 313.043
27 671 81.1208
27 955 41.4356
28 31 19.0168
28 3016 158.462
29 28 60.4987
30 29 71.2379
30 32 21.125
30 2387 78.1702
31 32 130.47
31 263 65.6164
31 28 19.0168
31 913 253.735
32 4027 282.548
33 4224 80.4612
34 389 94.2136
34 3704 25.3699
35 3718 81.5012
35 34 154.383
36 4319 78.3602
37 36 275.138
37 3869 79.2478
37 3991 98.34
37 788 79.677
38 4324 79.0245
38 39 273.62
38 849 81.6158
39 40 271.151
39 1759 79.9977
40 1626 79.9518
40 3703 130.437
41 42 127.11
41 412 81.0026
42 43 215.978
42 808 81.5779
42 809 79.0347
43 1627 94.1092
43 1761 84.1898
44 3667 32.7501
44 3261 109.304
44 1678 171.422
45 3726 214.794
45 3261 24.8944
46 4325 8.44833
46 1242 50.4118
47 46 98.3028
47 1768 86.004
47 48 113.009
48 49 115.548
48 353 47.2491
48 47 113.009
49 3055 62.5258
49 50 135.898
50 2757 36.487
50 4280 88.5855
51 4040 47.7605
52 730 84.1268
53 3295 285.922
53 3296 794.199
54 4212 103.374
54 3301 15.5312
54 4065 177.501
54 1093 101.187
55 59 142.164
55 3548 86.7365
55 119 55.509
56 3157 1048.41
57 3150 109.561
58 264 55.6645
59 73 94.3337
60 3548 12.3272
60 801 143.472
60 11 87.7579
60 300 87.7834
61 3023 79.9368
61 2827 146.817
62 3042 63.3636
62 1280 81.4284
63 2887 133.076
64 3037 32.4248
64 3316 271.836
65 59 187.255
65 3548 270.396
66 2605 140.982
66 2213 86.2115
66 1591 84.1724
67 2214 77.6675
67 3571 45.5105
68 1184 15.0188
68 135 82.2973
69 3334 195.023
69 2295 16.8607
70 71 91.1701
70 227 327.912
70 1721 166.186
71 3311 301.226
72 3313 896.325
73 56 225.212
73 55 154.375
74 4142 3.42092
75 2901 82.6427
75 63 514.117
76 77 84.8315
76 3935 152.038
76 1022 76.2619
77 3104 150.618
78 1991 83.0893
78 4097 187.47
78 715 275.285
79 4302 79.6983
79 3105 134.994
80 146 125.397
81 2619 79.4231
81 743 177.333
82 3367 99.5622
82 2618 76.8455
83 4157 31.392
83 3330 213.742
84 795 113.878
84 991 89.6512
84 3542 123.191
85 2260 80.1913
85 3325 136.666
86 88 184.684
86 87 128.145
87 88 111.725
87 2736 129.651
88 151 538.165
89 4123 101.36
89 90 123.06
90 1830 242.864
91 3229 20.887
91 2609 163.012
92 1307 85.7163
92 1837 274.065
92 262 324.001
93 3507 62.0813
93 3506 35.3823
94 1498 73.9181
94 1452 130.499
95 4115 275.959
95 1300 79.2947
95 1299 78.034
96 848 161.035
96 1313 85.3569
96 2321 275.724
96 120 90.1115
97 123 138.14
97 3498 147.379
98 97 117.065
99 4210 12.1501
99 3499 170.694
100 1488 76.8126
100 1265 131.055
100 4050 134.918
101 1499 160.985
101 2076 88.096
102 70 163.297
103 3496 125.774
103 2740 80.8667
103 264 76.9061
104 121 10.7802
104 105 328.386
105 3471 1249.78
106 546 73.9474
106 107 140.077
107 3664 25.5096
108 3993 5.46688
108 3291 336.078
109 2700 79.3127
109 3513 144.292
110 2436 119.503
110 1247 86.7903
111 3208 480.429
112 16 80.8649
112 2316 274.184
112 4323 86.3682
113 74 72.6611
114 1629 138.116
114 4002 74.4756
115 116 951.596
115 105 1587.66
116 1764 28.1378
117 606 14.5321
118 1855 80.4849
119 55 55.509
119 3944 54.4705
119 131 47.4118
120 2322 276.38
120 96 90.1115
120 126 230.33
121 106 78.2187
122 3867 17.2106
122 3868 69.9754
122 3557 324.894
123 150 1070.69
124 125 69.7474
124 3503 186.412
125 1742 238.873
126 1314 84.4634
126 120 230.33
127 4021 321.711
128 3497 127.645
129 3348 31.2121
130 890 133.955
131 3220 231.682
131 3944 38.8495
131 119 47.4118
132 4327 114.723
132 186 168.263
132 4329 90.2888
133 4142 119.495
134 101 49.853
134 133 54.745
135 128 107.105
135 136 35.4212
136 4250 416.445
137 3971 13.4092
137 2637 75.4757
137 3574 255.681
138 3345 555.56
138 143 188.928
138 4112 499.396
139 2393 76.4637
139 1164 60.7635
139 2392 183.852
140 3332 251.503
141 142 76.4319
141 3654 107.722
142 3112 93.3564
142 3654 195.723
143 4205 388.813
144 3021 75.8597
144 3770 20.4657
145 2886 160.788
146 4330 44.0999
146 3318 931.331
147 3494 128.648
148 2297 218.028
149 93 84.0178
150 149 97.4268
150 125 419.618
151 152 97.3535
151 1123 646.941
152 1124 117.054
153 301 39.8038
153 3173 164.835
153 2216 51.0435
154 2884 174.058
154 274 204.403
155 154 165.31
156 466 80.3644
156 3440 18.3077
156 157 132.42
157 467 88.6949
157 158 80.8215
157 156 132.42
158 159 82.3463
158 157 80.8215
158 2115 225.222
159 469 123.39
159 160 78.5132
159 158 82.3463
160 159 78.5132
160 2117 173.278
160 161 82.6019
161 471 157.555
161 162 118.177
161 160 82.6019
162 163 227.882
162 3929 105.531
162 161 118.177
162 472 183.909
163 162 227.882
163 164 76.2987
163 474 233.298
164 163 76.2987
164 165 77.4806
165 166 79.3352
165 164 77.4806
166 165 79.3352
166 1285 126.651
166 167 76.7046
167 478 170.329
167 168 79.4401
167 166 76.7046
168 167 79.4401
168 169 79.0149
168 538 200.382
169 170 54.5175
169 168 79.0149
169 480 148.772
170 171 80.4138
170 169 54.5175
171 482 134.104
171 172 73.0503
171 170 80.4138
172 3186 98.3265
172 3161 79.3075
172 171 73.0503
173 305 196.401
173 3189 77.9695
173 174 108.22
174 2382 85.5154
174 786 82.6833
174 175 141.076
174 173 108.22
175 174 141.076
175 176 142.921
176 177 199.122
176 3025 81.2107
176 175 142.921
177 176 199.122
177 3777 76.2865
177 178 247.486
178 312 86.8927
178 4186 244.547
178 177 247.486
178 1486 310.556
179 180 214.635
180 3169 39.3092
180 3138 75.9762
181 2396 39.5963
181 182 95.0253
182 183 58.8707
182 3056 37.3834
182 2028 78.8336
183 184 89.5976
183 2942 32.4644
184 2389 30.3558
184 2030 66.9112
185 2344 76.4709
185 4122 72.3
185 4167 67.9147
186 187 73.6847
186 2486 90.179
186 132 168.263
187 2487 87.1005
187 188 150.705
188 2489 75.2118
188 189 89.2839
189 190 51.6692
189 2708 76.6036
190 2070 74.7765
190 4227 66.9809
190 191 85.3951
191 192 31.4162
192 1923 59.8856
192 193 116.199
193 1874 42.407
193 194 135.657
194 949 52.1132
194 641 71.7246
195 196 114.706
195 1133 86.208
195 2036 222.796
195 2920 83.4699
196 4202 42.3107
197 4201 15.2483
197 198 58.4782
198 601 78.7279
198 4162 29.7479
199 1628 81.2248
199 200 138.268
200 201 141.104
201 3858 15.1695
201 2835 228.735
202 316 113.692
202 3035 74.392
203 202 310.606
203 679 74.5309
204 1947 74.4309
204 203 273.814
205 204 274.223
205 4243 74.1571
206 2429 74.1834
206 205 277.662
207 206 269.907
207 2355 73.7835
207 208 224.075
208 2356 79.5602
209 210 74.3258
209 3490 83.7056
209 1153 85.9364
210 209 74.3258
210 4061 64.1765
210 2055 76.0435
211 682 78.3366
211 320 309.414
212 1728 84.5998
212 211 273.893
213 212 273.776
213 1367 78.5795
214 1729 84.7099
214 213 293.797
215 3007 78.4969
215 214 270.126
216 3252 22.6839
216 2469 166.527
216 3249 164.256
217 218 132.355
217 2426 77.6902
217 3170 145.597
218 3745 21.8357
218 3748 89.2918
218 217 132.355
219 1576 86.5891
220 219 79.3728
220 2759 128.553
221 2760 168.488
221 220 79.2606
222 221 79.1487
222 2761 203.2
223 222 452.934
223 1835 108.446
224 1159 131.691
224 2723 78.7345
224 223 496.045
224 1835 396.165
225 4235 8.20475
225 4235 8.20475
225 3526 52.2594
226 225 76.74
226 227 150.969
226 1721 127.877
226 917 258.606
227 228 77.2142
227 226 150.969
228 3312 203.472
228 227 77.2142
229 1017 87.7257
229 2564 155.018
230 229 62.3985
231 1743 79.3306
231 1116 80.0587
232 231 134.243
232 1084 53.673
232 3776 80.3406
233 232 97.3195
233 1744 83.9682
233 1084 113.155
234 235 84.6426
234 496 134.514
234 497 51.422
235 3031 159.114
235 234 84.6426
236 1809 79.1306
236 237 170.902
237 238 139.63
237 324 85.0521
238 686 78.4811
238 239 274.003
239 240 273.659
239 1810 78.6394
240 4099 79.0058
240 241 276.89
241 1811 77.0436
241 242 270.502
242 1712 79.0807
242 243 274.133
243 734 80.3779
243 244 265.379
244 4171 19.3436
244 1713 83.7044
245 2501 78.3798
245 1739 86.3034
245 245 385.54
246 3779 7.99906
246 247 30.3219
246 498 176.286
247 3804 23.3295
248 3804 77.3852
248 249 78.3271
249 248 78.3271
249 250 78.925
249 831 243.482
250 501 228.415
250 249 78.925
250 251 85.3585
251 250 85.3585
251 252 209.967
251 1013 117.395
251 1012 121.148
252 2510 121.867
252 1735 118.925
252 253 176.295
252 251 209.967
253 1736 118.979
253 252 176.295
253 2628 122.114
253 254 176.671
254 843 122.114
254 255 131.061
254 253 176.671
254 842 118.851
255 3091 90.4449
255 1737 118.761
255 254 131.061
255 256 129.414
256 2537 27.2808
256 255 129.414
256 3091 156.827
257 258 78.5982
257 1932 88.29
258 257 78.5982
258 4072 49.1891
258 259 79.3276
259 258 79.3276
259 260 80.6989
260 1050 83.1884
260 259 80.6989
260 261 152.42
261 260 152.42
261 4112 11.3671
261 1933 54.8112
262 1136 86.2771
262 2303 273.102
262 92 324.001
262 2034 973.052
263 1695 79.5268
263 912 217.573
263 31 65.6164
264 1534 217.345
264 265 80.135
264 103 76.9061
265 2890 69.8338
265 266 77.3683
265 264 80.135
266 4168 64.0859
266 632 213.708
266 265 77.3683
266 267 81.0617
267 268 79.562
267 266 81.0617
268 267 79.562
268 269 79.5439
269 2705 216.058
269 270 78.7709
269 268 79.5439
270 1686 215.968
270 269 78.7709
270 271 79.9528
271 272 79.394
271 270 79.9528
272 3090 216.443
272 273 80.5013
272 271 79.394
273 272 80.5013
273 274 79.6496
274 2462 216.402
274 275 86.2953
274 273 79.6496
275 275 26.7301
275 1527 216.715
275 274 86.2953
275 276 86.7181
276 1829 216.841
276 3653 178.941
276 275 86.7181
276 277 81.5422
277 278 80.977
277 276 81.5422
278 649 216.085
278 279 79.7246
278 277 80.977
279 279 285.428
279 280 79.1706
279 278 79.7246
280 2616 215.494
280 4123 222.168
280 279 79.1706
280 281 81.1399
281 282 87.7468
281 280 81.1399
282 2903 227.415
282 3106 215.952
282 281 87.7468
282 283 84.7239
283 1806 226.839
283 284 79.739
283 282 84.7239
284 285 82.5813
284 2953 216.656
284 283 79.739
285 284 82.5813
285 286 80.3037
285 1899 226.791
286 285 80.3037
286 287 81.1804
286 2734 216.773
287 286 81.1804
287 288 80.1166
287 1351 226.83
288 3107 216.776
288 287 80.1166
288 289 86.941
289 288 86.941
289 290 85.4545
289 521 178.13
289 520 217.246
290 3029 217.004
290 291 79.5625
290 289 85.4545
291 290 79.5625
291 2534 225.581
291 292 80.0218
292 1541 217.263
292 291 80.0218
292 293 79.4443
293 1542 294.92
293 294 84.159
293 292 79.4443
294 3108 217.657
294 295 78.751
294 293 84.159
295 4017 30.2301
295 1121 39.5932
295 294 78.751
296 1837 76.8839
297 296 271.694
297 4315 34.5473
298 3708 18.204
298 404 81.9533
299 298 106.485
299 800 80.4319
299 801 87.0703
300 299 156.298
300 1839 81.9294
300 60 87.7834
301 2215 79.4584
301 153 39.8038
302 301 140.988
302 3065 79.5574
302 2379 88.6642
303 302 133.957
303 1074 88.3064
303 1073 79.4923
304 2380 88.1844
304 2818 79.4598
304 303 118.612
305 304 89.4725
305 486 82.8857
305 487 91.0756
306 173 85.4249
306 2382 116.332
307 306 83.8929
308 3190 52.4147
308 3187 92.357
309 307 112.559
309 310 398.685
309 2382 85.8191
309 3805 85.0116
310 3577 103.08
311 312 224.585
311 310 250.411
312 3715 328.269
312 178 86.8927
313 1882 181.718
314 4126 144.734
314 313 77.1257
315 314 77.9221
315 3035 137.202
316 4127 191.644
316 315 77.9984
317 2353 91.2178
317 316 76.7216
318 4137 236.718
318 317 83.7387
319 318 88.8103
319 1727 43.7947
319 2544 110.894
320 1727 85.263
321 682 260.7
322 321 85.0552
322 616 80.5609
323 322 82.2113
323 684 202.529
324 323 84.5564
324 1809 138.001
325 237 85.5915
325 1710 201.642
326 325 83.4996
326 687 79.3394
327 1973 223.104
328 692 81.7703
328 327 84.4919
329 328 83.2965
329 1975 165.036
330 694 132.455
331 330 82.7988
331 1976 117.364
332 331 80.4463
332 696 177.68
333 332 82.2824
333 1978 75.4714
334 333 87.1057
334 1672 51.2478
334 698 221.68
335 1980 80.1601
335 1003 274.599
336 1381 225.115
337 1983 66.4283
337 336 81.7878
338 994 198.105
338 337 80.1499
339 338 80.1234
339 1984 81.6248
340 339 79.0283
340 1384 189.84
341 340 79.0551
341 1986 87.9912
342 1386 177.308
342 341 79.2346
343 342 81.8864
343 1988 104.86
344 343 80.666
344 1388 150.658
345 344 81.3436
345 871 144.916
346 345 93.3685
346 1389 94.5568
346 1990 178.805
347 346 94.1384
347 1991 214.282
348 3487 8.20528
348 3485 67.9883
349 4308 16.0137
349 1480 99.7476
350 349 208.483
351 350 111.569
352 351 37.5799
353 1241 107.838
353 352 26.8665
354 1768 119.318
354 48 86.2359
355 2024 129.79
355 354 69.0148
356 3017 127.041
356 355 11.1924
357 356 63.0717
357 2019 138.412
358 357 66.6013
358 3744 139.187
358 3484 67.3411
359 2470 163.816
359 3294 66.5456
360 359 73.1549
361 360 69.2478
361 608 116.952
362 361 69.5964
362 2486 146.448
363 4228 76.5316
363 2488 146.326
364 363 77.0316
364 3015 176.746
365 2490 151.77
365 364 80.0456
366 365 68.0246
367 366 33.4028
367 2071 82.3356
367 4227 156.866
368 367 70.3736
368 1925 80.6735
369 368 122.109
369 2915 81.3021
370 947 80.5048
370 369 122.564
371 2146 80.6921
371 370 162.774
372 2807 80.583
372 371 160.352
373 3854 15.4271
373 2750 83.6189
374 2495 115.22
374 3758 90.2563
375 374 81.2938
375 2049 82.3199
376 375 77.4294
376 2496 111.097
377 2809 80.6399
377 376 78.7579
378 377 75.6015
379 378 65.8573
379 1880 122.191
380 379 68.9426
380 2497 126.179
381 380 74.6498
381 2787 228.957
382 381 75.1338
382 777 106.882
383 3062 195.913
383 382 79.7823
384 383 86.3327
384 2621 104.796
385 1609 126.276
385 384 86.1381
386 385 93.1763
386 1822 97.96
386 2061 78.9217
387 911 136.27
387 2404 52.7508
388 387 110.211
389 3837 70.2599
389 3718 203.78
390 34 90.8062
390 3717 109.43
391 390 93.0947
391 2306 65.3705
392 2306 116.551
392 391 133.89
393 2307 19.966
393 392 50.4862
394 393 92.0056
394 1902 198.934
395 394 89.5564
395 633 158.375
396 3705 21.8985
396 395 90.0924
397 396 89.5739
397 3775 76.3552
398 3684 21.5405
398 397 87.9142
399 4298 93.9353
399 795 233.394
399 2159 41.2586
400 796 205.644
400 399 91.5382
401 3674 18.7915
401 400 83.53
402 798 159.497
402 401 82.5164
403 3680 18.734
403 402 85.3181
404 800 116.622
404 403 82.3066
405 801 104.62
405 3671 17.3002
405 298 87.0272
406 802 105.679
406 9 80.2031
407 3712 16.5576
407 406 79.5127
408 407 82.2712
408 804 108.089
409 805 115.369
409 19 79.6164
410 806 120.818
410 3685 16.688
410 409 88.891
411 807 127.299
411 410 84.1599
412 411 79.4947
412 3710 17.0786
413 41 78.656
413 3692 17.2015
414 810 128.807
414 413 80.8134
415 414 79.9937
415 3701 17.5406
416 812 128.855
416 415 80.1544
417 3714 17.7697
417 416 78.8792
418 3682 25.0158
418 417 80.291
419 418 85.6564
419 3709 22.828
419 815 124.075
420 419 86.5074
420 816 126.13
421 420 79.3174
421 3698 16.67
422 818 129.683
422 421 79.6082
423 422 79.9671
423 3683 16.7369
424 820 128.043
424 423 80.0089
425 424 78.4578
425 3707 17.8428
426 822 127.437
426 425 80.68
427 426 81.3093
427 3673 20.5343
428 824 93.6523
428 427 81.6713
429 825 19.1292
429 4 94.8609
430 2129 135.43
430 3553 79.9149
431 2130 117.72
431 3996 16.3881
431 430 76.7806
432 2131 135.542
432 431 82.9194
433 3406 17.9682
433 432 79.4938
434 834 166.769
434 433 79.6615
435 3408 17.7066
435 434 80.3023
436 435 80.2767
436 4178 192.438
437 3737 85.7937
438 4230 23.3599
438 2299 83.408
438 24 170.611
439 438 79.0243
439 1763 162.454
439 3411 24.2491
440 1763 146.243
440 439 71.4794
441 4264 18.5537
441 440 79.7983
442 3934 18.4137
442 441 78.3122
442 1776 264.874
443 546 264.835
443 442 79.0406
443 3413 18.3112
444 1176 264.308
444 443 79.965
444 3414 18.332
445 444 165.484
445 3416 18.3145
445 1863 225.388
446 2133 181.982
446 3418 78.1214
447 446 80.532
447 3923 428.37
448 447 78.5691
448 2134 194.998
449 448 78.8584
449 3422 18.3123
450 449 79.1416
450 2135 182.838
451 450 80.9325
451 3424 18.3135
452 451 78.6229
452 2136 142.299
453 3426 18.3059
453 452 78.1664
454 453 86.9158
454 3427 18.0328
454 1214 134.252
455 454 84.5966
455 3428 18.3076
456 2139 116.746
456 455 79.0832
457 456 79.9212
457 3430 18.3073
458 1225 128.998
458 457 77.4196
459 458 79.9219
459 3432 18.3036
460 459 78.9388
460 2119 157.233
461 460 79.587
461 3434 18.3068
462 461 79.2982
462 2121 269.357
463 3436 18.3082
463 462 165.619
464 463 83.4891
464 3437 18.3033
465 2922 38.071
465 3561 56.326
466 465 75.9067
466 3930 82.9126
466 3439 18.2993
467 3441 18.3102
467 156 79.1816
468 158 106.254
468 467 78.8511
469 468 80.2927
469 3443 18.302
470 469 75.4165
470 160 140.606
471 470 82.3106
471 3445 18.307
472 471 95.72
472 3446 18.3069
472 162 183.909
473 472 87.2866
473 3447 18.3067
474 473 153.722
474 3448 17.7327
474 163 233.298
475 1065 75.8685
475 3926 13.9984
475 3927 46.3126
476 3927 39.6663
476 477 87.756
476 165 229.929
477 166 189.097
477 476 87.756
477 478 80.9651
478 1067 100.51
478 479 84.1059
478 477 80.9651
479 480 84.138
479 168 158.305
479 478 84.1059
480 479 84.138
480 481 86.7575
480 2815 38.1644
481 170 140.193
481 480 86.7575
481 482 84.5223
482 1593 84.3003
482 481 84.5223
482 483 71.2213
483 172 128.975
483 484 17.7697
483 482 71.2213
484 485 79.2963
484 483 17.7697
485 484 79.2963
485 2817 122.533
485 486 84.9593
486 305 82.8857
486 3189 166.178
486 485 84.9593
487 488 70.9934
487 305 91.0756
487 2380 73.8537
487 2381 84.4702
488 487 70.9934
488 489 78.8555
489 1774 94.7241
489 490 74.0345
489 488 78.8555
490 2820 105.484
490 491 80.0862
490 3030 85.0117
490 489 74.0345
491 2821 116.39
491 490 80.0862
491 492 56.0379
492 2525 84.929
492 493 114.124
492 491 56.0379
493 492 114.124
493 494 135.039
493 1485 86.8094
494 493 135.039
494 2875 84.7866
494 495 137.895
495 496 26.0863
495 494 137.895
495 3031 83.4139
496 234 134.514
496 495 26.0863
496 3000 106.977
497 3781 79.3197
497 234 51.422
498 3784 117.639
498 2333 180.484
498 246 176.286
499 832 160.666
499 3803 91.9209
499 500 169.657
500 832 130.555
500 501 81.5177
500 499 169.657
501 500 81.5177
501 3576 33.5739
502 1013 124.514
502 503 129.884
502 1014 100.437
502 2093 99.232
502 3576 52.5687
503 504 80.6919
503 502 129.884
503 2000 141.23
504 1735 119.899
504 2511 98.4169
504 505 176.379
504 503 80.6919
505 1736 117.704
505 506 176.746
505 504 176.379
505 2983 99.0637
506 841 96.6525
506 505 176.746
506 842 117.051
506 507 131.2
507 2984 108.987
507 4190 22.9244
507 1737 104.245
507 506 131.2
508 509 92.8424
508 2811 190.884
508 4190 85.5991
509 508 92.8424
509 510 86.432
510 625 101.755
510 511 96.4677
510 509 86.432
511 3045 66.2275
511 512 85.9229
511 510 96.4677
512 3747 54.2455
512 511 85.9229
512 2600 42.4018
513 218 81.4825
513 2426 151.792
514 2796 87.616
514 515 154.471
515 2577 84.9992
515 514 154.471
515 3625 145.007
516 517 142.44
516 3625 23.7667
516 3028 84.9192
517 516 142.44
517 2682 88.0806
517 518 154.765
518 2860 84.7398
518 519 215.561
518 517 154.765
519 2271 88.0623
519 518 215.561
519 520 228.325
520 3029 84.4915
520 289 217.246
520 519 228.325
521 289 178.13
521 521 111.014
521 522 48.253
522 521 48.253
522 2905 87.6104
522 2906 84.6448
523 181 49.6647
524 523 103.851
524 4280 87.6015
525 526 310.553
525 1864 81.4156
526 527 273.112
526 674 87.862
527 1865 80.699
527 528 211.925
528 962 77.0731
528 961 74.9117
529 962 37.8439
530 531 139.035
530 1519 129.925
530 4271 68.1524
531 1519 69.1518
531 4120 53.7126
532 3032 88.7993
532 827 81.7521
532 533 120.017
533 828 84.2489
534 535 139.25
534 2213 80.4704
534 2212 79.751
535 536 134.056
535 3046 82.602
535 3072 80.6786
536 1067 80.7758
536 1068 82.683
536 537 116.679
537 479 12.3094
537 2815 82.3811
538 2829 102.422
539 540 25.6298
539 3720 51.6669
540 3943 56.3074
541 1152 78.9024
541 1153 141.517
542 1777 82.3447
542 2597 156.033
543 1177 77.9143
543 542 302.991
544 1779 81.5802
544 3912 14.0422
545 544 265.811
545 1406 81.6941
545 1179 79.6639
546 443 264.835
546 106 73.9474
546 1776 77.4654
546 1176 79.2274
547 1288 79.7404
547 2363 153.966
548 819 174.07
548 2124 82.0876
549 550 125.665
549 2812 72.9902
550 635 69.4452
550 551 117.791
551 636 69.7687
551 552 161.671
552 3262 29.2037
552 2814 135.587
552 551 161.671
553 555 87.3033
553 3262 80.6701
554 553 93.4571
554 555 32.7731
554 2647 60.5143
555 2644 23.3729
555 554 32.7731
555 556 107.163
556 555 107.163
556 2467 163.56
556 2647 174.068
557 2896 15.9929
557 558 127.715
558 559 134.763
558 1754 71.8196
558 2068 78.5766
559 3982 73.4969
559 560 141.074
560 561 109.186
560 1755 72.5441
560 2897 79.2083
561 940 70.3808
561 3391 99.796
562 563 143.758
562 595 77.5515
563 1638 77.246
563 564 137.968
564 920 69.6909
564 3842 140.94
565 1882 74.8459
565 314 160.704
566 678 73.9606
566 565 310.372
567 1883 74.3499
567 566 274.038
568 567 273.563
568 1365 74.6941
569 1884 74.7962
569 568 278.277
570 3036 74.2514
570 569 269.703
571 4166 67.6274
571 570 168.154
572 573 154.423
572 3088 79.5257
573 3601 144.387
573 2458 79.3117
574 2459 78.5502
574 575 144.467
575 2677 81.1122
575 576 154.337
576 2461 77.3987
576 577 215.999
577 2264 82.3666
577 578 227.941
578 273 216.565
578 2462 75.5709
579 667 19.5479
580 899 26.908
580 579 167.83
581 2426 82.7638
581 2425 120.291
581 582 173.699
582 3746 13.0778
582 513 85.4894
582 581 173.699
583 584 117.521
583 1233 85.0274
583 3746 90.0422
584 583 117.521
584 585 86.6882
585 584 86.6882
585 3044 162.74
585 586 122.554
586 1024 120.182
586 585 122.554
587 3389 90.7926
587 2096 139.025
587 3735 317.653
588 3873 154.818
588 2455 79.717
589 1028 93.3874
589 4069 204.489
589 1029 93.5986
590 1398 79.7229
590 589 61.9964
590 1399 79.9421
591 590 140.347
591 2456 80.1619
591 2719 79.6878
592 591 133.826
592 2006 79.8839
592 2005 80.0002
593 3817 9.94886
593 3818 47.3054
593 638 80.642
594 3401 16.6718
594 3392 67.522
594 931 100.285
595 1638 144.262
595 3401 67.2787
596 3399 16.7783
596 3394 42.6822
597 1635 143.769
597 3399 43.4737
598 3393 17.2836
598 597 68.2317
599 3395 17.3966
599 598 74.0686
599 1633 143.809
600 599 71.6961
600 1632 143.813
601 1352 56.5918
601 114 75.7369
602 4089 37.0524
602 1353 63.2431
603 602 77.2465
604 1355 62.2563
604 603 78.5434
604 1641 131.691
605 604 149.563
606 1357 62.4889
606 605 77.035
607 1891 92.0833
607 2009 48.6182
607 2008 38.8949
608 609 50.9512
609 610 125.449
609 2947 70.7267
610 611 102.61
610 728 67.2854
611 1492 36.6767
612 1240 56.5291
612 351 111.307
613 1244 52.2143
613 612 130.789
614 613 163.352
614 2395 70.5587
615 614 75.9074
615 3056 85.8431
615 3016 73.3468
616 3006 79.6057
616 617 154.276
617 2546 78.7291
617 4131 151.199
618 619 150.433
618 3043 78.6155
619 3921 78.6224
619 620 154.754
620 2839 78.3873
620 621 214.435
621 2238 78.2907
621 622 129.002
622 623 100.508
622 621 129.002
623 2604 157.4
623 622 100.508
624 3159 183.47
624 3044 81.5623
625 1900 80.7216
625 3045 84.6882
626 3130 79.4267
627 626 154.593
627 884 79.718
628 3600 21.4941
628 885 78.5173
629 628 145.161
629 2674 79.5017
630 629 154.481
630 887 79.4434
631 2261 78.9333
631 630 215.948
632 889 78.4325
632 4302 138.85
633 2157 79.5728
634 549 70.3898
634 3939 157.123
635 3038 68.5867
635 634 128.077
636 635 94.5653
636 3292 76.6134
637 171 79.1965
637 637 55.1252
638 639 72.308
638 2144 79.1806
638 593 80.642
639 638 72.308
639 640 76.0331
639 952 84.5751
640 639 76.0331
640 641 75.9179
640 4198 90.4315
641 640 75.9179
641 2145 98.7238
641 642 35.7394
642 949 67.2414
642 641 35.7394
643 1916 80.591
644 643 155.414
644 2571 80.8272
645 3607 22.7841
645 3051 80.7447
646 645 142.362
646 1919 82.1827
647 646 154.405
647 2856 80.5957
648 647 215.897
648 1921 81.5007
649 648 228.066
649 3052 80.2021
650 660 44.2001
650 3527 72.7371
651 113 101.907
652 4057 9.07475
652 653 82.0522
653 3014 94.7261
653 654 93.1435
654 2707 80.8114
654 655 86.986
655 656 43.0092
655 2706 128.613
655 2074 95.4491
656 4058 76.8992
656 1820 50.7233
657 4203 89.6376
658 942 58.7946
658 659 63.4766
658 74 113.621
659 651 17.3285
659 660 155.898
660 1911 63.3431
660 661 85.7862
661 662 82.3077
661 2500 163.765
662 1889 178.338
662 663 82.2192
663 4197 8.26052
664 665 96.8196
664 3764 107.342
664 1595 124.403
664 864 135.629
665 666 62.1322
666 667 81.0932
667 3767 135.548
667 668 77.3241
668 669 77.8923
668 3768 140.908
669 1107 64.4718
669 670 93.5885
670 27 60.9343
670 1746 154.792
670 955 46.5942
671 775 310.276
671 672 77.009
672 773 271.12
672 673 81.497
673 1864 310.604
673 526 80.8064
674 675 86.9702
674 1944 273.777
674 2060 310.939
675 676 81.3499
675 1945 274.5
676 677 74.4725
676 2799 310.378
677 566 74.667
677 1883 273.927
678 1947 274.032
678 203 74.6301
679 1948 273.623
679 680 78.1561
680 1215 310.311
680 681 84.8593
681 211 84.7822
681 1727 309.314
681 1728 273.842
682 1949 273.637
682 683 79.0298
683 684 77.9588
683 322 229.895
684 1255 274.148
684 685 78.3842
685 324 172.353
685 238 78.8141
686 325 109.007
686 687 78.9771
687 1336 274.893
687 688 79.0017
688 4278 49.2791
688 689 77.9219
689 690 87.2958
689 4101 274.854
690 691 82.0457
690 1705 308.379
690 1706 275.252
691 692 79.4849
691 327 51.4123
692 693 76.8858
692 2954 309.504
693 694 78.464
693 329 108.922
694 695 78.8485
694 1146 310.659
695 696 78.9469
695 331 156.81
696 697 78.2731
696 2617 310.457
697 698 84.1956
697 333 199.052
698 699 85.7217
698 1671 311.327
698 334 221.68
699 700 79.5725
699 1979 273.145
700 701 79.7509
700 2338 311.184
701 702 78.9071
701 335 272.138
702 703 79.519
702 1166 311.147
703 1982 273.014
703 704 79.7843
704 705 79.9214
704 2334 310.946
705 706 80.8681
705 993 272.077
706 707 77.9207
706 2011 310.958
707 708 78.6095
707 1985 273.209
708 709 79.9576
708 2607 310.94
709 710 79.4026
709 1987 273.583
710 711 79.8137
710 2879 310.786
711 712 79.17
711 1989 273.983
712 713 85.89
712 870 310.458
713 714 89.4779
713 1017 310.83
713 1990 273.721
714 715 81.3147
714 230 248.232
715 4093 250.18
715 78 275.285
716 2753 189.175
717 1270 79.6981
717 118 155.031
718 3632 25.3278
718 1266 80.734
719 1853 79.4575
719 718 143.814
720 719 154.235
720 1268 80.6501
720 721 215.098
721 1857 78.9146
721 722 229.49
722 1271 80.1459
722 4229 269.692
723 724 45.9314
723 4238 62.9285
724 729 97.4381
724 725 88.1816
725 611 35.1334
726 185 55
726 4122 43.1948
727 4155 50.2685
727 609 68.1264
728 727 125.457
728 2471 75.2552
729 728 73.178
729 725 38.0155
730 3251 10.096
730 3249 83.183
730 1730 267.641
731 3248 24.9156
732 2468 274.582
732 731 77.1108
733 732 77.2615
733 1258 229.482
734 733 78.7616
734 1812 274.41
735 243 79.9493
735 1712 272.391
736 2634 270.64
736 4284 159.802
737 736 84.858
737 738 85.4192
737 1709 269.401
737 4285 146.289
738 739 77.8553
738 737 85.4192
739 738 77.8553
739 3988 111.721
739 740 76.2661
740 739 76.2661
740 741 78.3165
741 1150 275.798
741 3531 81.1209
741 740 78.3165
742 3531 76.8129
742 3366 47.1155
743 742 78.3741
743 2993 271.86
744 743 85.4674
744 1674 275.157
744 3238 262.243
745 3234 237.469
745 744 85.5919
746 745 78.8387
746 2340 275.062
747 746 79.8126
747 3235 197.348
748 747 80.2086
748 3094 274.302
749 748 79.2731
749 3236 196.123
750 749 79.8012
750 2336 274.37
751 750 79.4578
751 3237 196.909
752 751 79.7237
752 2013 274.613
753 752 79.1064
753 3228 196.873
754 753 80.502
754 2608 272.972
755 754 76.7945
756 755 82.6407
756 2880 273.953
756 3229 197.905
757 756 78.7598
757 3281 194.179
758 757 79.7678
758 874 273.888
759 758 85.6169
759 760 83.8787
759 3084 274.028
759 3283 227.583
760 2877 273.548
760 761 81.2862
760 759 83.8787
761 4148 126.204
761 3869 78.9407
761 760 81.2862
762 1617 69.6164
762 865 109.267
763 866 35.3371
763 762 102.14
763 1506 186.206
764 867 34.5316
764 763 48.2457
765 764 49.6708
765 900 99.8262
766 846 104.223
766 765 92.522
767 4240 87.1689
768 767 46.3631
768 1163 32.477
768 903 123.565
769 1101 86.2147
769 4090 73.6075
770 769 90.0131
770 2936 102.064
771 1102 46.1383
771 770 55.2028
772 771 31.5219
772 958 70.8858
773 1104 73.7336
773 959 73.9732
773 958 77.5917
773 772 93.6055
774 3138 37.1646
774 2016 46.0392
775 776 161.498
775 26 73.1298
776 382 226.519
776 3062 76.0139
777 2965 77.0472
777 778 125.685
778 4035 148.942
778 2836 76.4418
778 2781 75.4412
779 2232 75.0528
779 780 228.557
780 3058 75.4329
780 781 213.486
781 3059 76.2454
781 782 223.964
781 2783 74.4191
782 783 227.644
782 3060 76.3997
782 781 223.964
782 2784 74.3378
783 2785 75.6115
783 22 127.633
783 3061 75.0562
783 782 227.644
784 22 101.449
784 2786 75.4994
784 785 180.984
784 2627 156.381
785 2423 305.893
785 784 180.984
786 2381 63.1353
786 174 82.6833
786 175 227.138
787 63 123.282
787 2950 270.386
788 788 132.781
788 789 79.5746
788 37 79.677
789 3545 98.4856
789 789 223.801
789 788 79.5746
789 790 79.5933
790 3544 97.254
790 2155 275.337
790 789 79.5933
790 791 80.0751
791 2156 276.257
791 790 80.0751
791 792 82.1023
792 1831 109.83
792 791 82.1023
792 793 313.28
793 794 79.8965
793 2158 274.256
793 1833 159.89
793 792 313.28
794 793 79.8965
794 794 342.455
794 795 87.6592
795 796 87.3722
795 399 233.394
795 794 87.6592
795 84 113.878
796 795 87.3722
796 797 80.4863
796 991 133.679
797 401 182.964
797 796 80.4863
797 798 80.4752
798 2114 164.862
798 797 80.4752
798 799 80.4578
799 403 136.474
799 798 80.4578
799 800 80.8021
800 799 80.8021
800 299 80.4319
800 1839 172.174
801 405 104.62
801 299 87.0703
801 10 86.3643
801 60 143.472
802 10 79.6501
802 803 80.4285
802 2111 118.54
803 407 107.486
803 802 80.4285
803 804 81.9229
804 803 81.9229
804 20 80.1249
804 1661 178.932
805 2110 240.091
805 20 80.0736
805 806 87.73
806 410 120.818
806 805 87.73
806 807 85.6355
806 2109 241.24
807 806 85.6355
807 808 77.8863
807 1192 240.85
808 412 127.503
808 807 77.8863
808 42 81.5779
809 413 128.068
809 42 79.0347
809 810 79.7426
810 2108 147.934
810 809 79.7426
810 811 80.5955
811 415 128.544
811 810 80.5955
811 812 79.4856
812 2106 160.772
812 811 79.4856
812 813 79.6412
813 812 79.6412
813 814 79.5244
813 417 128.951
814 813 79.5244
814 418 125.836
814 815 86.0849
815 3461 202.633
815 814 86.0849
815 816 86.5697
815 419 124.075
816 817 78.7586
816 3556 133.439
816 815 86.5697
817 421 128.711
817 816 78.7586
817 818 79.6859
818 2123 159.323
818 817 79.6859
818 819 80.6634
819 818 80.6634
819 820 79.904
819 423 129.204
820 819 79.904
820 2124 158.775
820 821 79.9395
821 425 127.696
821 822 78.7472
821 820 79.9395
822 823 80.4842
822 2126 143.682
822 821 78.7472
823 427 114.714
823 822 80.4842
823 824 79.0878
824 1734 142.754
824 823 79.0878
824 5 86.8689
825 1010 139.514
825 5 86.1183
826 4120 80.4696
827 826 155.926
827 532 81.7521
827 3077 101.921
828 827 96.9221
828 3530 164.048
829 2496 75.5025
829 375 111.353
830 1704 85.8539
830 829 178.811
831 2775 74.8935
831 2932 77.8092
832 249 84.9804
833 4255 205.83
833 1323 81.7961
833 1322 252.92
834 4180 23.4404
834 4177 84.6968
835 3946 13.566
835 2972 79.6687
836 3917 128.789
836 1087 93.8318
836 1088 93.9354
837 838 265.96
837 1651 79.9933
838 839 139.53
838 1393 79.7409
838 1394 79.6232
839 2716 80.8035
839 1652 79.2762
840 3009 119.965
840 841 81.7811
840 840 76.3609
840 3159 133.151
841 840 81.7811
841 506 96.6525
841 2984 129.628
842 1736 176.42
842 1737 130.736
842 506 117.051
842 254 118.851
843 2628 176.673
843 2629 83.8638
843 254 122.114
843 844 52.563
844 2629 82.7445
844 3800 8.18319
844 2045 83.5412
844 2045 83.5412
844 3800 8.18319
844 843 52.563
845 2046 85.3155
845 845 230.729
845 3800 172.956
846 868 35.417
846 847 110.869
847 1508 49.7483
848 120 135.043
848 2300 570.478
849 38 81.6158
849 1309 77.2968
850 4133 14.1383
850 1623 81.0008
851 1226 86.9307
851 1227 80.831
851 850 150.002
852 851 154.116
852 2837 81.3176
852 2062 87.1477
853 852 138.844
854 853 77.3045
854 2063 87.1407
855 854 76.5926
856 855 152.942
856 1887 80.593
857 2065 87.3084
857 1724 79.7255
857 857 39.2244
858 2060 85.8307
858 675 309.998
859 529 48.2455
859 528 84.8989
860 530 73.6011
861 4150 7.94512
861 1518 69.9374
862 861 80.0225
862 1474 71.4821
863 862 138.426
863 3054 68.1646
864 1617 146.594
864 865 63.0548
865 898 135.474
865 866 71.1314
865 762 109.267
866 899 136.172
866 764 33.0117
867 765 36.3937
867 846 65.6873
868 869 74.359
868 847 80.9573
869 902 135.912
869 3304 83.3056
870 2087 79.1623
870 2345 155.11
871 1989 78.8019
871 712 273.978
872 345 128.952
872 1389 87.0759
873 2088 80.8399
873 872 274.047
874 873 273.898
874 3084 85.2748
875 2344 67.4305
875 4167 75.4839
875 3294 146.181
876 3294 162.695
876 877 125.33
876 2470 65.562
877 878 167.711
877 2813 74.3453
877 876 125.33
878 877 167.711
878 4236 79.5352
878 879 180.054
879 3264 27.8065
879 2988 215.746
879 878 180.054
880 881 26.401
880 3264 76.6892
881 880 26.401
881 2645 80.2676
881 2467 170.705
882 1223 125.687
882 1049 81.1623
882 1048 80.612
883 626 79.7999
883 884 154.329
884 3596 143.733
884 2568 79.5904
885 886 145.551
885 3086 79.7132
886 887 154.265
886 629 79.5243
887 888 215.739
887 2854 79.5267
888 631 79.316
888 889 228.136
889 3087 79.4728
889 267 216.013
890 1016 82.4816
890 4113 137.814
891 892 154.31
891 1680 80.0908
892 2570 78.8581
892 3602 144.245
893 3089 78.6565
893 894 144.855
894 1683 80.1195
894 895 154.456
895 2855 78.9822
895 896 216.232
896 1685 80.2762
896 897 227.706
897 271 216.362
897 3090 79.0932
898 865 135.474
898 664 70.1844
898 665 69.7453
899 898 70.21
900 580 40.1331
901 900 33.775
901 2652 151.061
902 4241 81.6436
902 767 86.5081
903 902 57.6122
903 4164 10.4597
904 4163 24.6881
904 3146 136.732
905 1512 121.555
905 904 73.0329
906 905 73.4278
906 3142 136.489
907 1514 69.0879
907 906 76.1409
908 3753 67.9602
909 1695 133.768
909 388 149.632
910 909 82.5107
910 1695 172.243
911 910 24.7924
911 912 56.423
912 913 61.4694
912 911 56.423
912 2394 91.3273
913 914 133.989
913 912 61.4694
913 1164 65.7056
913 31 253.735
914 913 133.989
914 3308 75.1111
915 4067 68.4929
915 1426 74.1226
916 915 85.7829
916 1715 77.0699
916 1642 72.5832
917 1720 99.6046
917 226 258.606
918 1260 25.9347
918 917 211.993
919 564 77.4914
919 3845 141.037
920 1637 137.989
921 922 43.4798
921 3666 142.502
922 923 68.0405
922 3853 139.642
923 1634 137.991
923 924 74.2389
924 1633 138.072
924 925 71.7837
924 3865 141.018
925 926 76.2886
925 3860 141.025
926 1631 138.146
926 927 76.8405
927 4009 76.3995
927 3857 141.063
928 1628 138.251
928 200 79.4541
929 3821 10.3875
929 1701 52.9003
930 1639 137.907
930 3843 141.953
931 954 97.5063
931 594 100.285
931 2917 108.549
932 196 83.377
933 932 150.561
933 4003 87.2391
933 934 76.8899
934 935 76.0597
934 2726 112.764
935 3396 99.2092
936 935 71.9271
936 3395 99.2643
936 2919 110.924
937 936 73.2331
937 2059 109.129
938 937 68.4699
938 3394 99.5048
939 938 43.8814
939 596 100.073
940 1755 109.168
941 561 79.2689
941 3392 99.6238
942 659 21.0284
942 1911 157.715
943 1585 30.6803
943 942 75.2446
944 1585 73.7993
944 2149 162.631
944 943 69.1392
944 2913 123.775
945 1141 123.553
945 944 79.9112
946 2148 163.749
946 945 77.1443
947 946 75.3123
947 2806 123.059
948 2146 164.882
948 370 80.6445
949 2491 133.027
949 948 80.848
950 194 29.6176
950 1874 137.948
951 950 50.6885
951 640 79.1866
952 951 75.5313
952 973 128.17
953 952 72.9831
953 638 88.5493
954 3818 54.6691
954 1699 115.881
954 953 87.4173
955 1596 60.7799
955 670 46.5942
955 956 73.9157
956 957 77.4196
956 671 109.698
956 955 73.9157
957 956 77.4196
957 958 74.0159
957 1102 105.352
958 957 74.0159
958 773 77.5917
959 773 73.9732
959 960 60.0764
960 959 60.0764
960 961 57.1799
960 1865 107.15
961 960 57.1799
961 3053 155.008
961 528 74.9117
962 1361 47.6885
963 1940 30.2997
963 964 71.6762
964 1890 104.242
964 965 100.029
964 963 71.6762
965 3870 21.7449
965 2210 51.2427
965 964 100.029
966 967 83.9324
966 3070 76.351
966 3071 75.1651
967 1063 78.494
967 1064 78.7281
968 3809 110.68
968 1337 67.2492
969 968 54.0423
970 969 77.3351
970 1758 71.9788
971 970 146.799
971 1338 78.2184
971 2069 71.3688
972 971 129.229
972 1339 77.1907
973 2916 72.3474
973 972 142.233
974 639 84.5988
974 2144 72.6289
975 1341 76.7467
975 974 163.718
976 3848 15.9253
976 1343 67.5465
977 979 58.6996
977 3574 57.3908
978 977 47.6423
979 3132 52.2141
979 978 56.474
980 981 154.454
980 2617 78.3823
981 3459 144.625
981 2555 84.3003
982 2662 78.637
982 983 155.013
983 2845 85.8759
983 984 82.665
984 983 82.665
984 985 132.682
985 986 171.401
985 2248 79.1
985 984 132.682
986 986 39.7737
986 986 128.916
986 2538 170.702
987 145 82.4432
987 3539 139.785
988 1305 81.2997
988 989 274.902
988 1304 86.5688
989 990 270.267
989 2311 86.8382
990 2160 80.4591
990 3702 47.6311
991 2112 82.4922
991 84 89.6512
992 2334 79.9004
992 705 311.226
993 1983 79.6277
993 338 77.4933
994 1383 79.9077
994 995 273.243
995 996 273.646
995 2335 79.8589
996 2013 79.7842
996 751 273.852
997 2337 79.9309
998 4082 84.9814
998 3904 265.723
998 999 85.2298
998 998 380.188
999 1000 79.3536
999 998 85.2298
1000 999 79.3536
1000 3883 267.59
1001 540 74.189
1001 2756 71.6241
1002 2338 79.1196
1002 701 311.514
1003 1380 79.6899
1003 1004 273.742
1004 1005 273.85
1004 2339 79.6345
1005 3094 80.4605
1005 747 274.985
1006 1007 137.436
1006 0 86.2579
1006 1319 80.1158
1007 1 86.4423
1007 2714 80.0776
1007 1008 137.099
1008 1009 271.03
1008 2 84.8334
1009 2179 79.9722
1009 3697 239.35
1010 2128 78.5581
1011 3791 12.0312
1011 3786 10.1616
1011 3794 28.3129
1012 2510 209.62
1012 3786 118.621
1012 251 121.148
1013 502 124.514
1013 1735 209.875
1013 251 117.395
1014 2000 140.489
1014 2093 69.7792
1014 1015 82.2959
1015 2092 129.854
1015 1016 77.5475
1015 1014 82.2959
1016 890 82.4816
1016 1015 77.5475
1017 1018 155.084
1017 870 85.9438
1017 713 310.83
1018 1017 155.084
1018 3592 144.353
1018 2564 87.4473
1019 3592 19.9289
1019 1020 146.835
1019 3128 87.0972
1020 1019 146.835
1020 2347 85.868
1020 1021 149.151
1021 2852 88.1273
1021 4301 11.7458
1021 1020 149.151
1022 2259 85.0184
1022 4301 209.288
1022 76 76.2619
1023 3935 216.99
1023 2053 86.4833
1023 1023 75.7622
1023 3049 85.4224
1024 624 156.094
1024 3044 113.936
1025 3573 18.3612
1025 3894 15.6294
1025 2641 85.0007
1026 1397 207.187
1026 3573 95.7881
1026 1027 93.2334
1027 1028 93.7097
1027 1952 106.402
1027 1026 93.2334
1028 1027 93.7097
1028 589 93.3874
1028 1398 110.695
1029 4287 25.6764
1029 1399 13.2488
1029 589 93.5986
1030 1400 35.535
1030 4287 68.4813
1030 1031 93.6221
1031 1849 55.6204
1031 1032 95.6244
1031 1030 93.6221
1032 1849 80.6672
1032 1402 135.45
1032 1031 95.6244
1032 1033 85.1687
1033 1034 85.8343
1033 1032 85.1687
1033 1403 135.773
1033 2009 136.986
1034 1033 85.8343
1034 1035 80.4267
1034 2010 139.046
1035 1034 80.4267
1035 1036 79.683
1035 219 69.7496
1036 1035 79.683
1036 1405 111.579
1036 1037 81.0857
1037 1036 81.0857
1037 1038 315.56
1038 1039 80.5025
1038 1037 315.56
1039 1407 126.633
1039 1038 80.5025
1039 1926 87.5217
1040 1927 21.7168
1040 1041 80.3144
1040 1926 87.0441
1041 1040 80.3144
1041 1042 80.5178
1042 1439 48.9484
1042 1041 80.5178
1042 1043 80.6697
1043 1044 80.1372
1043 1042 80.6697
1044 1043 80.1372
1044 1158 75.2854
1044 1045 80.0661
1045 2722 111.789
1045 1930 88.8498
1045 1046 328.004
1045 1044 80.0661
1046 1212 140.127
1046 1211 88.4178
1046 4071 85.2121
1046 1045 328.004
1047 4071 79.5392
1047 2763 140.874
1047 1048 79.2875
1048 257 158.454
1048 882 80.612
1048 1047 79.2875
1049 257 31.5808
1049 882 81.1623
1049 4072 80.5108
1050 2200 189.504
1050 1051 82.8203
1050 3932 82.7992
1051 1050 82.8203
1051 1052 85.0873
1052 2201 154.086
1052 1934 98.5483
1052 1051 85.0873
1052 1053 170.03
1053 2202 110.321
1053 1054 82.6482
1053 1053 91.1539
1053 1052 170.03
1054 1053 82.6482
1054 1055 80.3755
1054 1935 94.156
1055 1783 72.5971
1055 1054 80.3755
1055 1056 82.8073
1056 1055 82.8073
1056 1057 68.4509
1056 2653 77.6598
1057 2205 49.8795
1057 3871 78.2205
1058 3871 30.6572
1058 2205 57.7832
1058 2206 95.5444
1059 1058 37.1894
1060 1061 84.6882
1060 3444 184.919
1060 1059 95.0872
1061 2207 109.277
1061 1060 84.6882
1061 1062 89.7773
1062 3928 20.243
