27201
0 7829 3232.70720659111
1 7544 333.164764359058
1 9498 794.49036427462
2 4738 1196.66266598587
2 7892 1174.58192443739
3 8379 20.324958118452
3 9676 30.7908607153622
3 9687 24.3505856859341
4 774 75.1075537833549
5 7361 141.319702559732
5 7 101.120453114116
5 7553 46.6462610212948
6 7 146.51905444624
6 7956 101.334444763256
6 8375 146.569890593824
7 7432 212.055232558125
7 5 101.120453114116
7 6 146.51905444624
7 9491 141.30522343525
8 7362 19.1639533535131
8 7455 100.752880770426
9 7452 108.747101868644
9 7454 103.519214249683
9 10 47.5175844030215
10 11 206.419821540238
10 9 47.5175844030215
11 10 206.419821540238
11 8612 212.22871907144
11 12 116.286972972302
12 153 206.714388886581
12 11 116.286972972302
12 7456 138.96231551625
13 14 147.025809342056
13 2019 53.6294938919164
13 1362 52.1605017724251
14 2020 52.592221945398
14 1363 53.764564008065
15 16 74.1306546484296
16 15 74.1306546484296
16 7942 170.556922570048
16 810 202.202488829279
17 813 191.949471775432
18 5375 40.4190569664667
18 815 200.527158596725
18 19 86.4380648627341
18 814 280.747853514023
19 20 83.0096494048314
19 18 86.4380648627341
19 816 200.342680186068
19 2330 202.921830321523
20 19 83.0096494048314
20 21 86.0415783600121
20 817 200.690858326139
20 6463 62.9461902032901
21 20 86.0415783600121
21 1797 100.094267114263
21 7720 66.089206913284
21 2597 203.626186836434
22 7720 6.9461031379936
22 56 207.240819053536
22 9214 75.0307783298854
22 57 87.9915662041232
23 24 85.4616012956443
23 6313 166.612720346398
23 801 202.119300010537
24 2230 44.7586319067712
24 25 85.3202667150482
24 802 202.256729028014
24 23 85.4616012956443
25 24 85.3202667150482
25 4090 34.4173463221256
25 26 85.4112526920216
25 803 202.329307670375
26 25 85.4112526920216
26 27 85.4623397713572
26 5905 202.540070167525
26 804 202.538162154028
27 26 85.4623397713572
27 1266 202.606796488507
27 806 280.780717856582
27 805 202.61074655047
28 807 184.495032182776
29 30 84.7706137293565
29 5817 84.1899067339067
29 9471 120.933178177497
30 5015 76.3023731388014
30 29 84.7706137293565
30 9471 96.2469842910482
31 8661 154.302409050291
31 3230 87.5178008644314
31 4315 124.841793859893
32 8661 11.1246510651406
32 33 34.0887645161879
32 5614 189.385710561857
33 34 189.763650087105
33 32 34.0887645161879
33 5844 285.760648432686
34 33 189.763650087105
35 36 207.333659569832
35 5328 93.8254996658659
35 5844 97.2372756520022
36 35 207.333659569832
36 8974 6.88907498433927
36 1493 322.689591363857
37 547 94.2353364166339
37 38 207.300847828469
37 9073 34.8316207949499
37 548 94.4209110109058
38 37 207.300847828469
38 39 208.047163757869
38 1216 94.2828422416053
38 1217 94.4508764435869
39 6088 94.320949909006
39 38 208.047163757869
39 5325 94.4820298391847
39 6801 207.378780048768
40 2681 94.4142235137701
40 41 208.225339338255
40 2682 94.5377625369592
40 6844 207.579767158724
41 40 208.225339338255
41 42 207.590073060547
41 5326 94.5739667548903
41 5804 94.4605467256956
42 6485 94.5161353340618
42 5327 94.5951685475826
42 41 207.590073060547
42 8850 208.02504604022
43 44 82.5755525107884
44 43 82.5755525107884
44 5781 178.70854842045
44 45 81.8070603402518
45 6445 27.4672885679111
45 5321 94.2732321518533
45 44 81.8070603402518
46 6917 10.0561615446433
46 2164 94.0966351358592
47 6057 94.4331559368082
47 6917 204.509569530523
47 7677 200.622696961162
47 5322 94.1598969510001
48 6486 94.331337471479
48 5323 94.2711977117029
48 49 207.872773676734
48 7064 200.589380967431
49 48 207.872773676734
49 50 207.616460882826
49 1031 94.3369013192591
49 1030 94.272268334798
50 8956 94.2213520278003
50 8959 94.3975842190785
50 49 207.616460882826
50 51 135.211649328018
51 409 97.7168984915734
51 50 135.211649328018
52 53 57.4741117923688
52 9555 175.538703338295
52 2743 224.157888781868
53 54 8.83079867318519
53 3938 55.7731783889247
53 52 57.4741117923688
54 53 8.83079867318519
55 56 650.475869371857
55 5290 405.216930789476
55 2327 1124.50915661865
56 7719 9.80477217734173
56 22 207.240819053536
56 55 650.475869371857
57 22 87.9915662041232
57 58 14.8857306557977
58 59 100.399633185231
58 57 14.8857306557977
58 9215 55.722582997825
58 1797 84.4194497051063
59 60 206.454884141509
59 58 100.399633185231
59 818 85.5009550259876
60 59 206.454884141509
60 6972 119.00014119118
60 6153 84.7718049451928
60 2598 87.1438102040023
61 7910 60.3303463306627
61 5681 36.7919928365075
61 5553 247.859615005039
61 7911 90.7110799777934
62 8247 154.925128294891
62 5311 81.6985901808759
62 5560 80.8996932182883
63 5310 81.7970892378636
63 62 140.457952749312
63 6240 80.5256186302989
63 914 277.525219675768
64 65 302.460106425171
64 6323 81.1867425483642
64 180 33.3955023610954
65 64 302.460106425171
66 7108 38.8154164458878
66 4057 119.919457433396
66 2967 394.601187383028
66 67 117.308436144854
67 5025 62.8662720542992
67 5024 118.097162335357
67 68 76.1783644809432
67 66 117.308436144854
68 8628 304.695456531275
68 4106 129.32942399299
68 67 76.1783644809432
68 8628 76.0387495326377
69 768 53.7609391023696
69 8630 76.1307209991258
69 70 77.1025717203543
70 71 85.197133250804
70 69 77.1025717203543
71 7832 12.1013021292059
71 7833 33.3254171956691
71 187 115.091369363744
72 7155 10.7241666515065
72 73 77.5294952023526
72 2154 33.2313740783207
73 7156 12.0457636823719
73 8377 76.2036752264922
73 4129 33.429450028875
74 7157 7.3938255156046
74 8160 249.376182304176
75 8629 12.8768959185315
75 79 149.588378847286
75 4855 100.570988181918
75 76 220.962782110831
76 8449 83.5263915687285
76 7017 262.194413312246
76 75 220.962782110831
77 3930 74.027733070818
78 142 397.97112862509
78 258 793.297919929182
79 7636 31.4128878508896
79 7157 158.178463588745
80 7656 21.295103603879
80 5045 67.8826014367063
80 81 202.57855083177
81 7708 79.8369605195331
81 4975 78.6025766890476
81 3210 141.881892645378
81 80 202.57855083177
82 9660 212.132225037875
83 9660 85.7090573773285
83 5014 202.180982487049
83 5013 206.957074545772
84 9278 82.6296935224123
84 2328 204.917431943806
84 2329 60.5904947668291
85 9281 54.4064526868725
85 9282 87.0194268175991
85 6071 205.569469362898
85 9278 87.9406872703419
86 87 366.952410983616
86 2829 147.290551550942
86 2830 318.337774254394
87 2830 43.8284708440967
87 86 366.952410983616
87 8711 283.75822335542
88 7842 14.8396738619453
88 5990 109.437445020818
89 4073 115.979822160164
89 5951 85.1446298129072
89 8451 113.501523377767
89 6958 95.792340770499
90 5010 29.0090842114625
90 3039 69.894397121736
90 91 36.9121868310849
91 90 36.9121868310849
92 6545 835.223141933775
92 204 367.277227313059
93 6545 792.009255219768
93 204 269.860021331573
93 116 192.743815824495
93 3346 192.650053447645
94 2916 142.622536076081
94 7777 51.2522028306555
94 2200 52.0965306751832
95 7288 15.0568710446375
95 8282 84.7535192715761
96 5224 28.6362855913003
97 7892 245.251275564162
98 2755 243.951288169563
98 8081 37.024232506312
98 8695 449.326544070975
98 2374 230.92132893558
99 6706 154.444451550961
99 3388 47.1730700010031
100 7951 227.088135365114
100 7550 91.1165667675002
100 9141 114.977196624406
101 8065 64.0647261931127
102 9299 18.5784537993902
102 2985 77.566947944708
103 127 119.461498205948
103 7465 142.924890739965
104 105 85.9008804932814
104 8729 24.9695219040315
104 8728 105.373188173688
105 104 85.9008804932814
105 8728 42.4803921105532
105 269 305.959397357817
106 107 86.5470054226601
107 6770 23.3696616941321
107 6041 95.3047653867844
108 195 34.3838848230131
108 6203 100.10850929843
109 3971 141.717079511442
110 5766 215.71713586756
110 109 301.959886505242
111 5767 89.6052517761553
112 6771 232.27142427181
112 111 220.535426451332
113 115 209.926797534458
113 112 184.509442197056
114 1967 265.637246357869
114 1966 320.043202519444
114 757 319.249219199406
115 5766 129.613334428379
115 7933 123.476484876857
116 3587 66.7266648364536
116 4227 65.6985370015559
116 93 192.743815824495
117 8043 681.798248085252
117 116 636.901089147952
118 6039 69.6568506225782
118 8012 83.0743018060491
118 753 239.452066916797
119 5434 196.323710834435
119 6944 20.6138973960278
119 5435 266.756699952097
120 2100 87.0980180938161
120 7723 75.0838476636341
120 5303 142.682782901489
120 5302 132.239153704599
121 225 129.491619238006
121 122 98.3175464981018
122 9210 137.698217473663
123 736 40.4089116505818
123 728 156.388154072175
123 4761 62.862642756055
124 2617 77.0342210337656
124 2626 26.4753405571748
124 125 33.5731603239232
124 2625 49.2341852935829
125 7593 27.1504786467638
125 124 33.5731603239232
126 127 238.83050511515
126 7465 100.700198081422
127 576 24.4226320277525
128 5556 50.240558844202
128 7490 40.1317304531028
128 2962 57.6344381817291
129 7152 221.582235727387
129 203 404.876841095303
130 131 67.5399632423337
130 2749 271.506522074497
131 8176 301.347392225756
132 7387 10.851840961485
132 7388 104.212773286448
133 134 117.390458020672
133 135 124.68208546516
134 619 53.7689513830482
134 135 68.2259211494791
135 2087 107.551146734237
136 92 289.271594698005
137 4638 60.1736140821925
138 7489 125.843321210691
138 233 162.369094117544
139 4984 68.2444073747642
139 116 276.153612667445
139 8043 371.835936424724
140 1758 84.7491255544426
140 7400 81.8024367440704
141 140 155.485451035235
142 3322 34.798758542745
142 7697 12.5250301991227
142 8500 68.2981493691496
143 4960 210.811724643363
143 144 368.807844881935
144 9678 45.7948386929494
144 7155 111.005018355995
145 4977 159.610039163674
145 8630 131.658566803349
146 3413 103.425392859718
147 1542 58.5533469853086
147 1341 20.0064901292946
147 2152 107.756756452637
148 7513 248.320251576163
149 148 230.43531134295
149 201 100.076625075038
150 151 81.293551536133
150 251 75.5740114471615
151 152 127.490057128433
152 7895 1713.46247470473
153 10 115.935452276828
153 12 206.714388886581
153 7452 46.8804143089846
154 155 41.6229541244009
154 3289 401.032361484352
155 154 85.3618952527447
156 152 650.394484586042
156 157 326.668977529922
157 250 50.7032828932077
157 158 75.5154397824859
158 250 63.7082067572051
158 4144 154.523877625346
159 7899 535.831682462132
159 7426 94.5706469406156
159 500 87.0491614772759
159 7428 40.7249269109962
160 161 359.589829832528
160 164 668.582554950558
161 162 60.3826447796883
161 247 108.418870152946
162 248 52.0259005061681
162 4141 58.4258062197596
163 164 386.235739628346
163 520 61.0823479588587
163 662 49.5177297313399
164 156 487.498385476026
165 166 318.911485740463
165 7506 435.627536817127
166 3593 193.402202974838
166 8539 191.684937018741
167 623 74.5311872331713
167 7505 523.624980111339
167 6178 177.649909217842
168 2732 92.5244557663422
169 5553 235.498890157602
170 2753 201.329305068044
170 8618 229.722763573035
170 9606 105.212815868049
171 9210 300.817416778403
171 3971 967.863322824449
172 7831 24.6608344213568
172 173 47.6651537926655
173 7281 173.927821587679
173 111 142.279835915114
174 9126 188.498895780693
175 6944 74.284905509708
176 174 120.954093373334
176 175 242.905193046378
177 5223 333.583760914129
177 95 757.751827280758
178 1868 25.4804402431919
178 7136 91.6518160019515
178 2862 138.249682982285
179 7905 167.554831530584
180 1808 130.295326176928
180 5671 202.316376851681
180 64 33.3955023610954
181 7388 23.0653508332703
182 7387 24.0355656130199
183 8692 179.835004466564
183 184 592.985421071631
183 8700 228.738494706983
184 185 106.657073300874
184 8696 65.97014285074
184 2623 108.885843435027
184 183 592.985421071631
185 184 106.657073300874
185 186 361.195705331394
185 8695 30.1963868347261
185 8700 324.049412029039
186 185 361.195705331394
186 8081 122.115556135328
186 8700 190.786684058507
187 4629 97.7881821313661
187 1542 110.523065344291
187 389 219.363570600943
187 71 115.091369363744
188 189 217.989880076089
188 262 899.943094735684
189 7144 400.67875454107
189 190 271.711489997363
190 5412 54.8837868255546
191 7145 8.97294857689427
191 9466 105.046806576695
192 9501 121.447776000139
193 202 897.163711379742
194 193 178.840622812806
195 194 164.961946992568
195 5550 52.1191601118534
196 197 456.206054645558
197 4974 46.5358472016038
198 7174 315.379065648566
198 199 134.349501846542
199 200 49.0168973058967
200 148 141.189173513003
200 201 148.724110576653
201 7802 132.294944445103
202 7151 452.084341117589
202 129 426.090394575448
203 4739 88.6458965776988
204 9369 14.8961769852285
204 3345 192.640142485206
205 854 146.149286670131
205 7777 54.0212815123151
205 3704 52.2434078367689
206 1969 39.7980170013754
207 8923 145.511124982264
207 1278 154.585995016877
208 6924 13.5761046665762
208 564 207.796498232055
208 1278 40.2268066428065
209 6889 111.488154577027
210 109 447.514773924581
210 4509 273.72637284801
211 5852 53.0368685291787
211 9262 146.485288201842
212 2827 123.623643767753
212 213 31.5708951501824
212 8728 252.967314506619
213 212 31.5708951501824
214 194 180.291983008575
214 6771 215.42427291678
215 3584 217.638475288354
215 7446 103.331757705501
215 7948 192.302015543112
216 4738 890.322273182241
216 4739 1070.70464951258
217 223 536.912084985158
218 7341 26.6461545518656
218 8337 110.24383625297
218 5110 27.4869438926556
219 8745 256.246822386746
220 5296 24.8650509680496
221 7072 31.9640033603784
221 7706 21.3870484270937
222 7542 75.4951327909972
222 5799 237.728182932118
223 7794 314.650193357313
224 4946 96.3032567411072
224 4123 269.331553982383
225 3470 102.113476955269
226 122 40.5546777416593
226 225 95.0099343411641
227 1271 343.498339849643
228 2384 107.812220853429
228 5986 78.7549882940454
228 9543 78.8002566860764
229 1262 110.229446199247
229 838 29.5099947062039
229 839 119.663493725925
230 231 501.623629498769
230 236 330.559638245145
231 6540 104.685702447603
232 6384 26.2084594561909
232 752 16.0495976758477
232 753 92.2229011111467
233 2956 125.03969719831
233 9199 124.914780767863
234 6543 545.474478670219
234 216 724.408788757896
235 231 390.349291645925
235 3591 57.2094928153569
236 237 91.4816576109564
236 259 87.6135952223624
237 8539 100.46784502662
238 4788 78.8246741861929
238 239 68.5789367954324
238 4368 137.130249372857
238 6949 44.8357038725142
239 2097 187.796414163666
239 240 41.5780132016623
239 238 68.5789367954324
240 6949 103.43170887242
240 239 41.5780132016623
241 7612 53.5192936108383
241 242 206.218417110042
242 9238 581.930425800325
243 100 201.629393756192
243 3478 118.285575768699
243 3549 159.214094126875
244 271 181.107183222726
244 272 270.841490071605
244 270 301.855213386515
245 672 238.548622662506
245 7384 307.009000959733
246 8729 101.224665614081
246 6252 68.0960104417763
246 5706 77.6653993149313
247 4141 60.2059164106098
247 662 82.1447573791605
248 162 52.0259005061681
248 7142 296.764953148056
248 4206 147.260445657218
249 6466 175.292608032864
249 8427 25.3999295523648
249 5829 124.557987329001
249 5724 89.8831206828954
250 158 63.7082067572051
250 501 66.8158567222893
251 151 64.7127856872716
251 8170 176.068762500276
251 501 66.3223520544052
252 9592 14.6469018185719
252 6323 231.981101758921
252 5330 127.053605376316
253 3861 124.510724046366
253 9592 82.5677180383509
254 6107 105.885347378391
254 1492 225.22898213572
254 1941 41.5189587308736
255 4318 48.3533815773856
255 5371 111.935474997229
256 257 30.9657922620427
256 2662 20.2593965190429
256 5445 25.7549072839579
257 256 30.9657922620427
258 188 593.380415085116
259 7356 14.9688953443321
259 237 83.9321662022915
260 190 162.939200919316
260 192 223.151408873415
261 191 64.0032027962761
261 262 282.145921352791
262 196 567.544613097477
263 9532 17.2397012024644
263 2293 192.539283629864
263 8061 78.5983509064293
264 9067 139.318987618246
265 8056 147.086055550699
265 264 185.354060317905
266 8558 120.035348460039
267 268 77.3676671660849
267 4909 133.230881116679
267 268 134.645131505861
268 267 77.3676671660849
268 269 145.557989777799
268 267 134.645131505861
269 268 145.557989777799
269 5160 126.384799046596
269 105 305.959397357817
269 5965 106.432452596614
270 757 259.871210299081
270 271 118.921143208112
270 244 301.855213386515
271 272 120.516666028843
271 244 181.107183222726
271 2586 432.8063773882
271 270 118.921143208112
272 271 120.516666028843
272 273 166.216712194439
272 244 270.841490071605
272 2587 357.134711884259
273 272 166.216712194439
274 5854 52.7663524308162
274 3613 139.708197377055
275 7291 16.5060288544073
275 3713 292.905367786347
276 2963 77.091318649268
276 5194 178.225429984607
277 278 26.9458742190559
277 3349 121.729658699142
278 277 26.9458742190559
279 1534 59.1329912470235
279 280 40.6137159163259
279 7168 28.3110281350693
280 279 40.6137159163259
281 282 152.936229053777
281 6246 102.325683869705
282 281 153.206181924717
282 5946 102.832286883485
282 6034 102.387534550694
283 5851 105.001478176278
283 9260 146.627552648711
284 5903 52.0635162462814
284 9260 146.477856028482
284 285 146.398294487881
285 3709 104.810658871297
285 3708 52.2313097933946
285 284 146.398294487881
285 286 279.556206225819
286 6738 12.9155579605181
286 4490 104.635100555624
286 285 279.556206225819
287 6738 69.1162415491025
287 288 77.2002052398753
288 5949 104.527079781527
288 287 77.2002052398753
288 6096 104.830750949333
288 7275 146.683441577935
289 7121 8.28697514099389
289 5272 105.167765231859
289 7276 144.377154282936
290 1818 104.740175823039
290 291 146.169635105718
290 1819 105.159788826243
290 7121 144.620539569153
291 292 145.802239499398
291 5127 105.103556465762
291 290 146.169635105718
291 5126 104.709774277866
292 5106 104.669365415523
292 9533 99.0281905498178
292 293 146.799234191152
292 291 145.802239499398
293 3171 104.636587546144
293 292 146.799234191152
293 3172 104.924725746204
293 9540 147.8618176207
294 9540 7.37069957189896
294 6097 104.751526951832
294 295 82.6129148958118
295 296 58.8243060011615
295 6515 81.6418639845668
295 294 82.6129148958118
296 1452 94.8991691577697
296 6098 105.609560121739
296 297 66.6756964303187
296 295 58.8243060011615
297 6514 84.523823398164
297 296 66.6756964303187
297 298 75.94572322611
298 5148 104.569498184894
298 299 146.458929859892
298 297 75.94572322611
299 5628 104.486939347507
299 300 138.241574955526
299 298 146.458929859892
300 5708 89.7549631141646
300 4874 107.818762386278
300 299 138.241574955526
300 301 155.122323530403
301 5942 86.7540135917585
301 302 54.0188495121501
301 300 155.122323530403
301 4274 209.593814607382
302 5941 105.769995775288
302 303 91.8680635685317
302 301 54.0188495121501
303 761 105.808948148048
303 302 91.8680635685317
303 304 185.319567747962
304 3372 136.324978744856
304 8849 99.1968552443293
304 303 185.319567747962
304 3371 105.528106476549
305 593 88.1343559668076
305 8856 94.2818867397893
305 8855 94.5178485600149
305 6593 208.276903595968
306 6157 208.293967181221
306 8854 93.2434648952917
306 8856 95.0643499025978
307 8850 94.6256996901523
307 5327 207.900936425325
307 6683 40.7283036502368
308 6683 11.8153935066538
308 4555 804.624607479785
308 309 41.4059252901926
309 8873 98.6838812318931
309 6419 207.957938793252
309 308 41.4059252901926
310 3412 208.073456307207
310 311 94.2564183902397
310 8876 94.1240937795852
311 8866 94.2607879314887
311 310 94.2564183902397
311 6228 208.104257995296
312 4641 210.217429144353
312 8865 94.1143471171225
312 8868 94.0785475266295
313 4552 215.696134125405
313 8859 94.3456996647656
313 8865 94.4521991640399
313 2765 207.995249348136
314 8859 94.183452327074
314 926 207.861533641524
314 8862 94.1152318452843
315 594 162.529350086268
315 4513 207.893834966653
315 8869 94.4494930710075
315 8864 94.4670514145937
316 8730 18.3820398886227
316 1402 208.024007748783
316 8830 93.9049245022562
316 8799 94.5663097188935
317 318 94.1423452945265
317 5071 208.350561305515
317 8824 94.4080393666546
318 7139 13.4024486180318
318 7729 60.0165125999669
318 317 94.1423452945265
319 320 37.8581936213545
319 7640 1714.2002526701
319 3912 159.542036669909
320 3256 193.720540742667
320 319 37.8581936213545
320 321 142.710901949693
321 6040 103.911286598454
321 320 142.710901949693
321 322 87.212630131337
322 4307 171.81897418191
322 323 86.5169982491632
322 321 87.212630131337
323 322 86.5169982491632
323 324 78.2812686495841
323 5613 80.4771438355315
324 325 206.712087363865
324 326 351.885316387824
324 323 78.2812686495841
325 324 206.712087363865
325 326 128.612812152116
325 5731 72.1770081357002
326 324 351.885316387824
326 327 58.2813440968712
326 325 128.612812152116
327 5613 417.154898566095
327 326 58.2813440968712
327 328 39.2298677440715
328 2829 344.214171507813
328 327 39.2298677440715
328 329 102.069173448714
329 328 102.069173448714
329 330 51.6527509869293
329 2830 69.9795687601454
330 331 137.204433960419
330 329 51.6527509869293
330 5612 150.547240679449
331 5732 79.1084281893468
331 330 137.204433960419
331 4603 470.290499861905
331 8029 267.462696932642
332 7530 134.963493470052
332 4653 81.6947174298446
332 4654 43.473319336856
333 8535 77.2031574710862
333 4656 127.898030376014
333 7531 153.145135137066
334 6896 10.1676720121094
334 1955 94.068926663955
335 2501 94.5329088432167
335 1956 94.0373808679998
335 6896 100.246884274855
335 336 104.176576405356
336 335 104.176576405356
336 5872 94.6428965290959
336 1957 93.9762604102486
336 337 207.71279172121
337 1958 93.9626374902829
337 5873 98.3036983366726
337 338 207.274674717174
337 336 207.71279172121
338 1959 93.8802784524017
338 337 207.274674717174
338 5874 108.618823237558
338 9145 322.660012577502
339 340 217.208672309194
340 339 217.208672309194
340 341 177.170860208013
340 542 94.1917362209489
340 541 94.2881811578539
341 340 177.170860208013
341 342 30.1714097324878
341 1211 94.5912929550329
341 1210 94.8775989546116
342 5682 94.3776491716023
342 343 207.846833459355
342 341 30.1714097324878
343 342 207.846833459355
343 6788 207.390689417285
343 1962 94.0567311170433
343 5875 94.4088925114772
344 2677 94.467073209652
344 1963 93.9826434926925
344 345 208.359552654313
344 6832 207.467918813917
345 344 208.359552654313
345 346 207.4462479977
345 5801 94.4945021308402
345 1964 93.9574147481811
346 5876 94.5157007041787
346 1965 93.925313564742
346 345 207.4462479977
346 8851 183.411259616209
347 6882 45.5426377814401
348 2500 94.3835718649655
348 2501 94.128481926445
348 8113 93.8743106208443
348 349 103.733161718382
349 5872 94.062830749593
349 348 103.733161718382
349 8646 94.3968985755389
349 350 154.0230964599
350 5873 101.968713175941
350 5000 286.323473477708
350 349 154.0230964599
351 540 94.3582440216092
351 352 157.753357827305
351 541 94.3407599951916
352 353 49.6402966049331
352 1209 94.8354886886286
352 351 157.753357827305
352 1210 94.8687522675639
353 4161 94.3323921886588
353 354 207.749417510447
353 352 49.6402966049331
353 5682 94.3763221352924
354 353 207.749417510447
354 4162 94.3203928035555
354 5875 94.3994180742398
354 6789 207.393688653914
355 2676 94.2908284699411
355 2677 94.4575975306233
355 356 208.395856541524
355 6833 207.415409583097
356 357 207.404842012396
356 4163 94.2648665685311
356 355 208.395856541524
356 5801 94.4856655203822
357 4164 94.2422883171427
357 356 207.404842012396
357 8853 163.945370035048
357 5876 94.524413440709
358 6241 16.0470710338653
358 8205 99.6070306404856
358 359 263.092136224187
359 8203 86.4594357251322
359 4461 56.7729536837366
359 358 263.092136224187
359 360 189.203643551266
360 5348 20.3045015471847
360 361 222.237580923631
360 359 189.203643551266
360 8213 91.1126789277493
361 8206 73.9620261982969
361 362 155.422370150961
361 5350 125.799186192637
361 360 222.237580923631
362 8208 123.530404429932
362 8965 99.8766848168967
362 361 155.422370150961
362 5351 207.270570832929
363 8965 94.6184304373146
363 4618 207.415321587093
363 5352 307.415609624408
364 6699 11.9790911592672
364 3401 303.760446243006
364 365 89.0495426800189
365 366 94.3558143225483
365 5353 207.338089060375
365 8942 11.9272246646686
365 364 89.0495426800189
366 8940 94.2686506128593
366 365 94.3558143225483
366 8941 12.0720431986695
366 5354 207.13727348285
367 7981 33.8731734097531
367 368 113.432654152474
367 8939 86.3867035796812
368 367 113.432654152474
369 4520 75.112726681292
369 8985 249.292308475714
370 369 272.364956580619
370 371 21.4179710560391
371 370 21.4179710560391
371 4832 89.4479077302924
371 8986 104.961691196537
372 8925 101.936352451651
372 8984 92.0741415912174
372 6181 222.063724984071
372 5356 166.937219113963
373 6931 13.6417844473102
373 8358 171.380250785369
373 374 40.1995772717725
374 375 94.6893087361253
374 373 40.1995772717725
374 1288 201.782897541574
374 1287 207.596368700257
375 4611 207.628218115818
375 4612 206.114405596771
375 374 94.6893087361253
375 376 94.2397283292815
376 5396 205.90394522058
376 375 94.2397283292815
376 377 94.1965118672829
376 5358 207.652367529836
377 5359 207.697264479376
377 5841 205.6703075414
377 378 94.3633895855852
377 376 94.1965118672829
378 377 94.3633895855852
378 379 94.2756510987908
378 6433 229.897210962636
379 380 94.5485106980447
379 4666 207.753751898353
379 378 94.2756510987908
379 4667 166.960770561831
380 379 94.5485106980447
380 381 94.3899105096503
380 1399 115.488971098592
380 1398 207.786085620458
381 380 94.3899105096503
381 5361 207.808777395766
381 6134 85.4498067049838
381 382 94.5310741877283
382 5362 207.841111802833
382 381 94.5310741877283
382 383 94.1894432177405
382 8574 74.080293649289
383 382 94.1894432177405
383 2801 207.87625439296
383 2802 68.8238892083049
384 383 94.3550231580319
384 8931 104.12668638654
384 385 78.9773467544677
384 3961 63.5901516718886
385 8930 104.238958930131
385 3832 58.0424340079616
385 384 78.9773467544677
386 387 76.2275084215313
386 1339 137.130738046451
386 5653 144.267317162533
386 532 303.924263847028
387 386 76.2275084215313
387 388 77.6593893660452
387 5047 144.383445631806
387 1340 190.365122647563
388 387 77.6593893660452
388 389 73.7386059453377
388 5654 144.525768563775
388 4629 177.046431553783
389 388 73.7386059453377
389 5655 144.924200648363
389 187 219.363570600943
389 7641 38.5053098527357
390 391 84.2630733947452
390 898 46.4055903737055
390 454 84.9144409382256
391 390 84.2630733947452
391 392 125.701166805394
391 1004 68.9726302173209
391 455 76.9386203297329
392 391 125.701166805394
392 2605 69.5373522642361
392 2606 46.6856647505224
393 8434 22.3355385510585
393 8432 92.1155902276453
393 5130 315.689128323183
394 8434 36.8717386572507
394 395 62.660142081223
394 5266 255.100778300392
395 8364 123.680449517484
395 394 62.660142081223
395 396 46.9932429613472
395 4278 257.065336364224
396 395 46.9932429613472
396 397 38.7864053796344
396 1478 255.152139238559
397 396 38.7864053796344
397 1525 158.889248393504
397 9514 72.5938366089535
398 393 33.8561968511106
399 3301 88.4623473712433
399 400 75.9925845307675
400 399 105.559214309851
400 399 75.9925845307675
400 3672 35.0156262705413
401 400 244.470205851627
401 3670 63.4460466616818
402 401 163.838839393716
402 1908 16.9709575381068
402 5695 154.879058557125
403 8175 35.8599065847404
404 6186 104.22028892923
404 4908 105.118614321584
404 1822 49.7151623190793
405 406 94.2253984523025
405 8958 207.503029352111
405 8955 208.01521830074
406 405 94.2253984523025
406 407 94.3226360360784
406 1488 207.940406720243
406 1487 207.539242623925
407 406 94.3226360360784
407 408 93.5245633168738
407 8957 207.862203185451
407 4168 207.583653200976
408 407 93.5245633168738
408 8956 207.724888678722
408 3886 207.860157362975
408 8381 79.6929401226761
409 8959 106.462990311242
409 8566 100.028602011482
410 4985 86.3180726818031
410 3889 205.996150158057
410 411 157.111720277317
411 8968 112.336338106057
411 410 157.111720277317
411 8569 88.1665964505652
412 413 94.215927783577
412 4170 207.826944180302
412 3890 207.782549514372
412 8967 95.3052005614628
413 412 94.215927783577
413 4171 207.828397752585
413 3891 207.772900913192
413 6690 85.2346451067348
414 6690 10.1491060729823
414 3395 207.611901084621
414 415 93.370308753841
415 3892 207.5388053899
415 416 94.2620486180402
415 414 93.370308753841
415 7396 109.13696168556
416 3893 207.66075194079
416 415 94.2620486180402
416 417 94.2972200140963
416 4173 207.961950673866
417 3894 207.783520191541
417 418 94.3215631269574
417 4174 207.827917859917
417 416 94.2972200140963
418 3895 207.796564866611
418 419 94.4532928241203
418 417 94.3215631269574
418 4175 207.829857131988
419 1414 207.795593683313
419 418 94.4532928241203
419 1413 207.818328586819
419 420 94.1812374206991
420 8946 207.79656567506
420 2775 207.831373419564
420 421 94.2251868632414
420 419 94.1812374206991
421 8948 207.796566081942
421 422 94.4271392169958
421 4005 207.829863393973
421 420 94.2251868632414
422 937 207.818269588532
422 938 207.80669743502
422 421 94.4271392169958
422 423 94.3218704726633
423 424 94.4015437535809
423 2392 207.819242104609
423 2393 207.808155698374
423 422 94.3218704726633
424 423 94.4015437535809
424 3681 207.828887329594
424 3682 207.806698236347
424 425 94.3395427416873
425 4176 207.818270787122
425 3896 207.818286753719
425 424 94.3395427416873
425 426 94.4631148444989
426 3811 207.808156918046
426 3810 207.819730142594
426 425 94.4631148444989
426 427 94.3308813501332
427 2480 207.819243730747
427 2481 207.829875959814
427 428 94.2074309287068
427 426 94.3308813501332
428 4177 207.818758189608
428 3897 207.829876409428
428 427 94.2074309287068
428 429 94.4466900026636
429 1688 208.134011815817
429 1689 207.510305332099
429 428 94.4466900026636
429 430 94.4196890223632
430 4178 207.820218621094
430 3898 207.830363455834
430 431 94.3311216604119
430 429 94.4196890223632
431 3899 207.841952943982
431 4179 207.808629575989
431 430 94.3311216604119
431 6926 40.3459562344681
432 6926 13.595367112075
432 568 207.841467553056
432 433 40.1967448511752
433 1282 207.830365119736
433 434 94.462921801739
433 432 40.1967448511752
433 1281 207.819247006598
434 435 94.4284794220094
434 3900 207.851112327695
434 433 94.462921801739
434 4180 207.806200860513
435 434 94.4284794220094
435 4181 207.819247064918
435 3901 207.841468105166
435 436 94.2786960788369
436 3902 207.841955010587
436 437 94.2348642061978
436 4182 207.81973364275
436 435 94.2786960788369
437 4183 207.818761101156
437 3903 207.852570959237
437 436 94.2348642061978
437 438 94.4280407396443
438 4184 207.809606492629
438 3904 207.853544790814
438 439 94.3672726163045
438 437 94.4280407396443
439 1391 207.81924819769
439 1392 207.852571623422
439 438 94.3672726163045
439 440 94.4193838077899
440 4185 207.808146148497
440 3905 207.864161079056
440 439 94.4193838077899
440 441 94.3498448340303
441 3906 207.862702856008
441 442 94.2345443302737
441 4186 207.818763010491
441 440 94.3498448340303
442 441 94.2345443302737
442 443 94.3762938063695
442 2794 207.808147979017
442 2795 207.874778881361
443 444 94.4202413164646
443 3907 207.863675710618
443 3955 207.819249823081
443 442 94.3762938063695
444 4187 207.821199088905
444 3908 207.865136968735
444 443 94.4202413164646
444 445 78.0241074535416
445 3838 208.116384916665
445 3837 208.059011234583
445 444 78.0241074535416
446 6388 77.2331781627504
446 447 42.349741652106
446 6522 108.933665237705
447 448 173.904326786504
447 7630 13.9247511989965
447 5447 78.8901359481546
447 446 42.349741652106
448 5448 231.48826822798
448 7630 180.38657115585
449 3740 64.1240033636792
449 8061 160.569380865483
449 2293 107.316005753045
450 451 143.170201276419
450 1292 55.9620269200538
450 2833 186.530873879246
451 7442 10.0509122877184
451 452 83.129643709015
451 450 143.170201276419
451 3198 165.759124681193
452 453 178.971074724514
452 3196 120.606634285374
452 451 83.129643709015
453 452 178.971074724514
453 2742 42.2554754123871
453 2741 81.9725847422645
454 455 64.054335467696
454 390 84.9144409382256
454 2739 90.8408290808523
455 454 64.054335467696
455 456 129.455319942941
455 391 76.9386203297329
456 455 129.455319942941
456 2606 23.5326355131107
456 2607 80.3842616799648
457 3857 2.72746276162997
457 7872 2.74728297556208
457 458 85.2595111721172
458 459 75.2265337520305
458 457 85.2595111721172
458 4627 116.637679491579
459 458 75.2265337520305
459 7110 112.956008168593
459 8104 39.4214706635101
459 460 78.9020943731284
460 7111 133.206812585044
460 8105 39.8924378128716
460 459 78.9020943731284
460 7877 55.4824553954989
461 7258 69.0465971607543
461 7879 84.47115571946
462 463 192.578971046046
462 1501 109.237655606124
462 7924 126.767997127972
463 7661 72.9816196181147
463 7660 7.43231787904457
463 462 192.578971046046
464 7660 158.934022278716
464 4467 80.0731994234123
464 3868 76.5521241043384
465 466 79.4309265891843
465 3375 89.9850361860071
465 6068 126.56192744627
465 3581 46.3461910223092
466 465 79.4309265891843
466 3658 46.6557129625125
467 7173 14.2401278290055
467 8645 172.729120783182
467 7803 22.0216936601486
468 469 78.5832681703866
468 6041 177.482282689135
468 7272 82.2033788236245
468 3974 177.602975605718
469 4773 178.846342198816
469 468 78.5832681703866
469 3975 177.642205764123
469 470 82.9656255861611
470 471 82.2367010778333
470 469 82.9656255861611
470 636 178.144651423854
470 635 177.914170829008
471 4563 178.200601292412
471 472 79.2765899987057
471 470 82.2367010778333
471 3976 178.019443386275
472 4701 178.866780488935
472 473 82.3128635629308
472 471 79.2765899987057
472 3977 178.09176778757
473 474 96.5361465432148
473 8184 179.278105857607
473 472 82.3128635629308
473 3604 178.226386378927
474 1304 177.863307970956
474 473 96.5361465432148
474 475 95.9294966879179
474 1305 179.255269535438
475 474 95.9294966879179
475 3574 177.917418297749
475 3575 179.278257592654
475 476 95.7612453064312
476 8841 178.448527986956
476 3978 177.974843015537
476 477 96.3856876472906
476 475 95.7612453064312
477 8844 178.876310592315
477 3979 178.019213934914
477 478 96.2807533062461
477 476 96.3856876472906
478 479 96.0895139638214
478 8847 179.124875097816
478 3980 178.064875149928
478 477 96.2807533062461
479 480 96.1238459143886
479 478 96.0895139638214
479 3981 178.130115301798
479 8840 179.133031910769
480 3982 178.49867754813
480 5602 179.117189218062
480 479 96.1238459143886
480 481 97.6130345594869
481 482 82.0847372147979
481 480 97.6130345594869
481 8845 178.89655354249
481 3742 178.232152760587
482 7057 109.251854956719
482 481 82.0847372147979
482 3983 178.281616252707
482 4638 55.1560108222664
483 7057 8.64197308000639
483 3696 179.100045084738
483 484 93.036390269296
484 483 93.036390269296
484 3984 178.520425787764
484 7034 97.9482070983889
484 6042 178.501973891122
485 1083 89.9261100959842
485 7034 13.0147289525272
485 486 195.044203252826
486 3176 88.348460703649
486 487 95.9734693575816
486 485 195.044203252826
486 2265 89.1824587536012
487 488 97.9573351649458
487 2074 88.4787382290687
487 486 95.9734693575816
488 2266 90.3572076320803
488 489 195.500365552075
488 487 97.9573351649458
488 3053 88.5126697420489
489 3177 88.5452620541407
489 490 197.343939672807
489 2267 89.8810967564313
489 488 195.500365552075
490 489 197.343939672807
490 491 194.132933879665
490 1328 88.1962187660228
490 1329 89.679525307473
491 490 194.132933879665
491 492 192.337283836187
491 2139 88.3501815421947
491 2140 88.6176341607183
492 2220 88.3299382303441
492 493 92.7816409385626
492 2221 87.7833255583502
492 491 192.337283836187
493 492 92.7816409385626
493 3986 178.548377860966
493 494 95.7626229071444
494 2109 178.490226992305
494 495 94.2016990636433
494 2110 27.0569270740609
494 493 95.7626229071444
495 496 92.8703970089407
495 3987 178.424184855643
495 494 94.2016990636433
496 495 92.8703970089407
496 7648 40.5093291880192
496 1807 112.57740443358
496 3988 178.785336620356
497 498 87.5038324407284
497 9459 70.9613351928995
497 3967 138.849650076398
498 8312 74.7236739971812
498 497 87.5038324407284
498 3968 139.474579407728
498 4797 284.625802844848
499 500 81.9203832373476
499 7427 33.1649701810235
499 3154 142.922745578236
499 7000 80.0652647306326
500 499 81.9203832373476
500 159 87.0491614772759
500 9674 143.53035078607
500 3969 147.908779412803
501 502 84.3791899423484
501 250 66.8158567222893
501 251 66.3223520544052
501 7428 132.062497783221
502 503 88.7554838799102
502 6243 110.748959035967
502 501 84.3791899423484
503 7967 10.9808917668308
503 502 88.7554838799102
503 504 166.428155103265
504 3647 317.391497123827
504 503 166.428155103265
504 505 170.968696095351
504 6044 124.972388075579
505 3648 95.0254908604035
505 506 39.5980039472884
505 504 170.968696095351
505 3193 45.7186773958064
506 505 39.5980039472884
506 507 142.819987356839
506 3080 161.13889552357
507 508 82.7629044400641
507 3080 37.0626777086055
507 506 142.819987356839
507 3827 117.957128641873
508 507 82.7629044400641
508 509 83.5035584764657
508 1107 152.634789497399
508 1106 142.279143890499
509 508 83.5035584764657
509 7935 17.3630479253035
509 3970 141.236520882591
509 4508 151.404971038644
510 511 84.9358358862229
510 3972 220.920709188682
510 2847 142.098350782419
510 9269 216.133537714566
511 510 84.9358358862229
511 512 84.4035946605863
511 3973 141.915574004197
511 5619 55.9519118317489
512 511 84.4035946605863
512 7271 10.5323408626792
512 2731 140.87626174262
513 5310 83.0312544080899
513 514 79.112019713984
513 4964 57.8830500145726
513 5311 203.125845639723
514 513 79.112019713984
515 5563 51.3536144588136
515 3039 70.4919554966778
516 3537 51.2841015441724
516 515 178.896303881475
516 3040 70.5120652479505
517 956 40.0980891673953
518 4883 88.8310277918214
518 4143 83.8629527832195
518 519 285.97987679385
519 4884 84.4302334520604
519 4144 87.0236941306529
519 518 285.97987679385
519 7428 288.892560103463
520 7957 97.9389015842495
520 163 61.0823479588587
520 661 61.8227931729779
521 6623 22.2277156695545
521 522 76.0720305161932
521 5532 118.699023640754
522 521 76.0720305161932
523 8047 117.751402040574
523 1112 59.2023323027813
523 3566 66.4322818725686
524 525 65.569447224572
524 2344 94.6113847480755
524 2343 93.6825927864222
525 524 65.569447224572
525 526 140.277605440379
525 3663 90.9893335456606
525 5203 90.9722324700248
526 525 140.277605440379
526 527 140.452243465268
526 5187 91.4050508140635
526 3664 91.2537148071568
527 526 140.452243465268
527 528 140.953251210923
527 3665 92.038857428822
527 6454 90.907987593997
528 527 140.953251210923
528 1879 90.2254637131774
528 1878 91.4889501763652
528 2565 231.02850052635
529 3539 292.530157754447
530 7563 131.859333694058
530 8456 48.1813821111165
530 531 73.1825956988605
531 532 149.380143959183
531 2150 184.187412685831
531 530 73.1825956988605
532 1524 91.054078041753
532 386 303.924263847028
532 531 149.380143959183
533 534 34.4426537535266
533 4120 138.800660558345
533 3670 50.2942024786322
534 533 34.4426537535266
534 9085 29.1327013611872
534 9085 249.679309428687
535 2755 65.8433740468892
535 4120 154.867892696791
535 8052 187.95962340778
536 1230 161.92537974129
536 537 94.621851085057
536 562 48.1013740441058
537 3675 130.833082816167
537 1231 156.549908665615
537 538 94.7907291278537
537 536 94.621851085057
538 8897 222.845369431079
538 8894 88.0088977102857
538 537 94.7907291278537
538 4510 126.551851819478
539 540 98.953104587647
539 2533 32.7082547746605
539 3365 67.077803436963
540 539 98.953104587647
540 351 94.3582440216092
540 4160 43.0467166884667
540 1209 148.084771328866
541 1210 167.463846997623
541 351 94.3407599951916
541 340 94.2881811578539
542 1960 189.739293666477
542 1211 186.832821853324
542 340 94.1917362209489
542 543 94.1209750364928
543 3283 181.942259326363
543 1212 196.454500880931
543 542 94.1209750364928
543 544 94.2789569972027
544 6597 34.4700798014075
544 543 94.2789569972027
544 545 94.5616730874244
544 1213 206.732172983193
545 1494 33.1899082072095
545 1214 207.237736350769
545 544 94.5616730874244
545 546 94.2088933712309
546 545 94.2088933712309
546 547 93.9100247865181
546 9072 65.7635336538696
546 1215 207.254162289835
547 1216 207.281141361732
547 546 93.9100247865181
547 37 94.2353364166339
547 6484 34.0255198289686
548 6772 32.9380457797254
548 1217 207.321562627754
548 37 94.4209110109058
548 5324 34.512817480769
549 6773 48.5347015247423
549 5824 99.3305482451872
549 1219 207.331077623667
549 550 98.8745998242068
550 549 98.8745998242068
550 551 99.0336186485061
